# East Wall - Table 1
0 1 245.5164 -30.2768 -106.68 242.7605 -93.5228 -106.68 215.7095 -93.5228 -106.68 212.9536 -30.2768 -106.68 
1 1 209.9564 -30.2768 -106.68 207.2005 -93.5228 -106.68 180.1495 -93.5228 -106.68 177.3936 -30.2768 -106.68 
2 1 174.3964 -30.2768 -106.68 171.6405 -93.5228 -106.68 144.5895 -93.5228 -106.68 141.8336 -30.2768 -106.68 
3 1 138.8364 -30.2768 -106.68 136.0805 -93.5228 -106.68 109.0295 -93.5228 -106.68 106.2736 -30.2768 -106.68 
4 1 103.2764 -30.2768 -106.68 100.5205 -93.5228 -106.68 73.4695 -93.5228 -106.68 70.7136 -30.2768 -106.68 
5 1 67.7164 -30.2768 -106.68 64.9605 -93.5228 -106.68 37.9095 -93.5228 -106.68 35.1536 -30.2768 -106.68 
6 1 32.1564 -30.2768 -106.68 29.4005 -93.5228 -106.68 2.3495 -93.5228 -106.68 -0.4064 -30.2768 -106.68 
7 1 -3.4036 -30.2768 -106.68 -6.1595 -93.5228 -106.68 -33.2105 -93.5228 -106.68 -35.9664 -30.2768 -106.68 
# North Wall - Table 1
8 1 -136.7028 -30.2768 140.081 -136.7028 -93.5228 142.8369 -136.7028 -93.5228 169.8879 -136.7028 -30.2768 172.6438 
9 1 -136.7028 -30.2768 104.521 -136.7028 -93.5228 107.2769 -136.7028 -93.5228 134.3279 -136.7028 -30.2768 137.0838 
10 1 -136.7028 -30.2768 68.961 -136.7028 -93.5228 71.7169 -136.7028 -93.5228 98.7679 -136.7028 -30.2768 101.5238 
11 1 -136.7028 -30.2768 33.401 -136.7028 -93.5228 36.1569 -136.7028 -93.5228 63.2079 -136.7028 -30.2768 65.9638 
12 1 -136.7028 -30.2768 -2.159 -136.7028 -93.5228 0.5969 -136.7028 -93.5228 27.6479 -136.7028 -30.2768 30.4038 
13 1 -136.7028 -30.2768 -37.719 -136.7028 -93.5228 -34.9631 -136.7028 -93.5228 -7.9121 -136.7028 -30.2768 -5.1562 
14 1 -136.7028 111.9632 140.081 -136.7028 48.7172 142.8369 -136.7028 48.7172 169.8879 -136.7028 111.9632 172.6438 
15 1 -136.7028 111.9632 104.521 -136.7028 48.7172 107.2769 -136.7028 48.7172 134.3279 -136.7028 111.9632 137.0838 
16 1 -136.7028 111.9632 68.961 -136.7028 48.7172 71.7169 -136.7028 48.7172 98.7679 -136.7028 111.9632 101.5238 
17 1 -136.7028 111.9632 33.401 -136.7028 48.7172 36.1569 -136.7028 48.7172 63.2079 -136.7028 111.9632 65.9638 
18 1 -136.7028 111.9632 -2.159 -136.7028 48.7172 0.5969 -136.7028 48.7172 27.6479 -136.7028 111.9632 30.4038 
19 1 -136.7028 111.9632 -37.719 -136.7028 48.7172 -34.9631 -136.7028 48.7172 -7.9121 -136.7028 111.9632 -5.1562 
# West Wall - Table 1
20 1 204.8764 111.9632 310.2864 207.6323 48.7172 310.2864 234.6833 48.7172 310.2864 237.4392 111.9632 310.2864 
21 1 169.3164 111.9632 310.2864 172.0723 48.7172 310.2864 199.1233 48.7172 310.2864 201.8792 111.9632 310.2864 
22 1 133.7564 111.9632 310.2864 136.5123 48.7172 310.2864 163.5633 48.7172 310.2864 166.3192 111.9632 310.2864 
23 1 98.1964 111.9632 310.2864 100.9523 48.7172 310.2864 128.0033 48.7172 310.2864 130.7592 111.9632 310.2864 
24 1 62.6364 111.9632 310.2864 65.3923 48.7172 310.2864 92.4433 48.7172 310.2864 95.1992 111.9632 310.2864 
25 1 27.0764 111.9632 310.2864 29.8323 48.7172 310.2864 56.8833 48.7172 310.2864 59.6392 111.9632 310.2864 
26 1 -8.4836 111.9632 310.2864 -5.7277 48.7172 310.2864 21.3233 48.7172 310.2864 24.0792 111.9632 310.2864 
27 1 -44.0436 111.9632 310.2864 -41.2877 48.7172 310.2864 -14.2367 48.7172 310.2864 -11.4808 111.9632 310.2864 
# South Wall - Table 1
28 1 416.179 155.1432 175.641 416.179 91.8972 172.8851 416.179 91.8972 145.8341 416.179 155.1432 143.0782 
29 1 416.179 155.1432 140.081 416.179 91.8972 137.3251 416.179 91.8972 110.2741 416.179 155.1432 107.5182 
30 1 416.179 155.1432 104.521 416.179 91.8972 101.7651 416.179 91.8972 74.7141 416.179 155.1432 71.9582 
31 1 416.179 155.1432 68.961 416.179 91.8972 66.2051 416.179 91.8972 39.1541 416.179 155.1432 36.3982 
32 1 416.179 155.1432 33.401 416.179 91.8972 30.6451 416.179 91.8972 3.5941 416.179 155.1432 0.8382 
33 1 416.179 155.1432 -2.159 416.179 91.8972 -4.9149 416.179 91.8972 -31.9659 416.179 155.1432 -34.7218 
34 1 416.179 -30.2768 175.641 416.179 -93.5228 172.8851 416.179 -93.5228 145.8341 416.179 -30.2768 143.0782 
35 1 416.179 -30.2768 140.081 416.179 -93.5228 137.3251 416.179 -93.5228 110.2741 416.179 -30.2768 107.5182 
36 1 416.179 -30.2768 104.521 416.179 -93.5228 101.7651 416.179 -93.5228 74.7141 416.179 -30.2768 71.9582 
37 1 416.179 -30.2768 68.961 416.179 -93.5228 66.2051 416.179 -93.5228 39.1541 416.179 -30.2768 36.3982 
38 1 416.179 -30.2768 33.401 416.179 -93.5228 30.6451 416.179 -93.5228 3.5941 416.179 -30.2768 0.8382 
39 1 416.179 -30.2768 -2.159 416.179 -93.5228 -4.9149 416.179 -93.5228 -31.9659 416.179 -30.2768 -34.7218 
# BSU Layer 1 - Table 1
40 1 181.1782 190.8556 3.0734 181.1782 190.8556 167.5384 198.0057 190.8556 167.5384 198.0057 190.8556 3.0734 
41 1 164.0332 190.8556 3.0734 164.0332 190.8556 167.5384 180.8607 190.8556 167.5384 180.8607 190.8556 3.0734 
42 1 146.8882 190.8556 3.0734 146.8882 190.8556 167.5384 163.7157 190.8556 167.5384 163.7157 190.8556 3.0734 
43 1 129.7432 190.8556 3.0734 129.7432 190.8556 167.5384 146.5707 190.8556 167.5384 146.5707 190.8556 3.0734 
44 1 112.5982 190.8556 3.0734 112.5982 190.8556 167.5384 129.4257 190.8556 167.5384 129.4257 190.8556 3.0734 
45 1 95.4532 190.8556 3.0734 95.4532 190.8556 167.5384 112.2807 190.8556 167.5384 112.2807 190.8556 3.0734 
46 1 78.3082 190.8556 3.0734 78.3082 190.8556 167.5384 95.1357 190.8556 167.5384 95.1357 190.8556 3.0734 
47 1 61.1632 190.8556 3.0734 61.1632 190.8556 167.5384 77.9907 190.8556 167.5384 77.9907 190.8556 3.0734 
48 1 44.0182 190.8556 3.0734 44.0182 190.8556 167.5384 60.8457 190.8556 167.5384 60.8457 190.8556 3.0734 
49 1 10.2616 190.8556 3.0734 10.2616 190.8556 167.5384 27.0891 190.8556 167.5384 27.0891 190.8556 3.0734 
50 1 -6.8834 190.8556 3.0734 -6.8834 190.8556 167.5384 9.9441 190.8556 167.5384 9.9441 190.8556 3.0734 
51 1 -24.0284 190.8556 3.0734 -24.0284 190.8556 167.5384 -7.2009 190.8556 167.5384 -7.2009 190.8556 3.0734 
52 1 -41.1734 190.8556 3.0734 -41.1734 190.8556 167.5384 -24.3459 190.8556 167.5384 -24.3459 190.8556 3.0734 
# BSU Layer 2 - Table 1
53 1 170.7896 227.3046 150.7236 6.3246 227.3046 150.7236 6.3246 227.3046 167.5511 170.7896 227.3046 167.5511 
54 1 170.7896 227.3046 133.5786 6.3246 227.3046 133.5786 6.3246 227.3046 150.4061 170.7896 227.3046 150.4061 
55 1 170.7896 227.3046 116.4336 6.3246 227.3046 116.4336 6.3246 227.3046 133.2611 170.7896 227.3046 133.2611 
56 1 170.7896 227.3046 99.2886 6.3246 227.3046 99.2886 6.3246 227.3046 116.1161 170.7896 227.3046 116.1161 
57 1 170.7896 227.3046 82.1436 6.3246 227.3046 82.1436 6.3246 227.3046 98.9711 170.7896 227.3046 98.9711 
58 1 170.7896 227.3046 64.9986 6.3246 227.3046 64.9986 6.3246 227.3046 81.8261 170.7896 227.3046 81.8261 
59 1 170.7896 227.3046 47.8536 6.3246 227.3046 47.8536 6.3246 227.3046 64.6811 170.7896 227.3046 64.6811 
60 1 170.7896 227.3046 18.5674 6.3246 227.3046 18.5674 6.3246 227.3046 35.3949 170.7896 227.3046 35.3949 
61 1 170.7896 227.3046 1.4224 6.3246 227.3046 1.4224 6.3246 227.3046 18.2499 170.7896 227.3046 18.2499 
# BSU Layer 3 - Table 1
62 1 216.0016 778.637 3.0734 216.0016 778.637 167.5384 232.8291 778.637 167.5384 232.8291 778.637 3.0734 
63 1 198.8566 778.637 3.0734 198.8566 778.637 167.5384 215.6841 778.637 167.5384 215.6841 778.637 3.0734 
64 1 181.7116 778.637 3.0734 181.7116 778.637 167.5384 198.5391 778.637 167.5384 198.5391 778.637 3.0734 
65 1 164.5666 778.637 3.0734 164.5666 778.637 167.5384 181.3941 778.637 167.5384 181.3941 778.637 3.0734 
66 1 147.4216 778.637 3.0734 147.4216 778.637 167.5384 164.2491 778.637 167.5384 164.2491 778.637 3.0734 
67 1 130.2766 778.637 3.0734 130.2766 778.637 167.5384 147.1041 778.637 167.5384 147.1041 778.637 3.0734 
68 1 113.1316 778.637 3.0734 113.1316 778.637 167.5384 129.9591 778.637 167.5384 129.9591 778.637 3.0734 
69 1 95.9866 778.637 3.0734 95.9866 778.637 167.5384 112.8141 778.637 167.5384 112.8141 778.637 3.0734 
70 1 78.8416 778.637 3.0734 78.8416 778.637 167.5384 95.6691 778.637 167.5384 95.6691 778.637 3.0734 
71 1 61.6966 778.637 3.0734 61.6966 778.637 167.5384 78.5241 778.637 167.5384 78.5241 778.637 3.0734 
72 1 44.5516 778.637 3.0734 44.5516 778.637 167.5384 61.3791 778.637 167.5384 61.3791 778.637 3.0734 
73 1 27.4066 778.637 3.0734 27.4066 778.637 167.5384 44.2341 778.637 167.5384 44.2341 778.637 3.0734 
74 1 10.2616 778.637 3.0734 10.2616 778.637 167.5384 27.0891 778.637 167.5384 27.0891 778.637 3.0734 
75 1 -6.8834 778.637 3.0734 -6.8834 778.637 167.5384 9.9441 778.637 167.5384 9.9441 778.637 3.0734 
76 1 -24.0284 778.637 3.0734 -24.0284 778.637 167.5384 -7.2009 778.637 167.5384 -7.2009 778.637 3.0734 
77 1 -41.1734 778.637 3.0734 -41.1734 778.637 167.5384 -24.3459 778.637 167.5384 -24.3459 778.637 3.0734 
# BSU Layer 4 - Table 1
78 1 170.7896 789.432 150.7236 6.3246 789.432 150.7236 6.3246 789.432 167.5511 170.7896 789.432 167.5511 
79 1 170.7896 789.432 133.5786 6.3246 789.432 133.5786 6.3246 789.432 150.4061 170.7896 789.432 150.4061 
80 1 170.7896 789.432 116.4336 6.3246 789.432 116.4336 6.3246 789.432 133.2611 170.7896 789.432 133.2611 
81 1 170.7896 789.432 99.2886 6.3246 789.432 99.2886 6.3246 789.432 116.1161 170.7896 789.432 116.1161 
82 1 170.7896 789.432 82.1436 6.3246 789.432 82.1436 6.3246 789.432 98.9711 170.7896 789.432 98.9711 
83 1 170.7896 789.432 64.9986 6.3246 789.432 64.9986 6.3246 789.432 81.8261 170.7896 789.432 81.8261 
84 1 170.7896 789.432 47.8536 6.3246 789.432 47.8536 6.3246 789.432 64.6811 170.7896 789.432 64.6811 
85 1 170.7896 789.432 30.7086 6.3246 789.432 30.7086 6.3246 789.432 47.5361 170.7896 789.432 47.5361 
86 1 170.7896 789.432 13.5636 6.3246 789.432 13.5636 6.3246 789.432 30.3911 170.7896 789.432 30.3911 
87 1 170.7896 789.432 -3.6068 6.3246 789.432 -3.6068 6.3246 789.432 13.2207 170.7896 789.432 13.2207 
# BSU Layer 5 - Table 1
88 1 216.0016 798.957 3.0734 216.0016 798.957 167.5384 232.8291 798.957 167.5384 232.8291 798.957 3.0734 
89 1 198.8566 798.957 3.0734 198.8566 798.957 167.5384 215.6841 798.957 167.5384 215.6841 798.957 3.0734 
90 1 181.7116 798.957 3.0734 181.7116 798.957 167.5384 198.5391 798.957 167.5384 198.5391 798.957 3.0734 
91 1 164.5666 798.957 3.0734 164.5666 798.957 167.5384 181.3941 798.957 167.5384 181.3941 798.957 3.0734 
92 1 147.4216 798.957 3.0734 147.4216 798.957 167.5384 164.2491 798.957 167.5384 164.2491 798.957 3.0734 
93 1 130.2766 798.957 3.0734 130.2766 798.957 167.5384 147.1041 798.957 167.5384 147.1041 798.957 3.0734 
94 1 113.1316 798.957 3.0734 113.1316 798.957 167.5384 129.9591 798.957 167.5384 129.9591 798.957 3.0734 
95 1 95.9866 798.957 3.0734 95.9866 798.957 167.5384 112.8141 798.957 167.5384 112.8141 798.957 3.0734 
96 1 78.8416 798.957 3.0734 78.8416 798.957 167.5384 95.6691 798.957 167.5384 95.6691 798.957 3.0734 
97 1 61.6966 798.957 3.0734 61.6966 798.957 167.5384 78.5241 798.957 167.5384 78.5241 798.957 3.0734 
98 1 44.5516 798.957 3.0734 44.5516 798.957 167.5384 61.3791 798.957 167.5384 61.3791 798.957 3.0734 
99 1 27.4066 798.957 3.0734 27.4066 798.957 167.5384 44.2341 798.957 167.5384 44.2341 798.957 3.0734 
100 1 10.2616 798.957 3.0734 10.2616 798.957 167.5384 27.0891 798.957 167.5384 27.0891 798.957 3.0734 
101 1 -6.8834 798.957 3.0734 -6.8834 798.957 167.5384 9.9441 798.957 167.5384 9.9441 798.957 3.0734 
102 1 -24.0284 798.957 3.0734 -24.0284 798.957 167.5384 -7.2009 798.957 167.5384 -7.2009 798.957 3.0734 
103 1 -41.1734 798.957 3.0734 -41.1734 798.957 167.5384 -24.3459 798.957 167.5384 -24.3459 798.957 3.0734 
